--with train_corrmask=0:
    distance_threshold=0.01, epoch=98, hold_out_val_acc=0.53202963, test_acc=0.49056670
    distance_threshold=0.02, epoch=95, hold_out_val_acc=0.92968583, test_acc=0.89898598
    distance_threshold=0.04, epoch=94, hold_out_val_acc=0.99301946, test_acc=0.99044472

--with train_corrmask=1:
    epoch=87, hold_out_val_acc=0.72112441, test_acc=0.72656548